-913 -904 -706 -705 -619 -618 -614 -357 -352 -232 -175 -152 -65 -50 7 113 169 200 211 278 300 487 502 614 642 703 807 840 876 887
-870 546 568 631 -691 -923 662 -36 400 -267 693 -55 862 488 -939 210 -497 -582 44 64 169 903 648 -885 -771 -878 -71 -369 -389 -404
-949 -940 -853 -814 -655 -620 -520 -394 -285 -227 -197 -165 103 108 144 212 246 259 278 305 324 338 368 554 739 832 887 890 970 991
780 -686 -644 893 -761 150 719 -859 947 968 -165 682 388 -546 -698 -679 473 277 -249 -222 351 -209 -745 820 -724 931 -442 63 915 -491
-983 -918 -877 -789 -530 -514 -513 -499 -456 -439 -434 -355 -259 -200 -199 -137 -72 -50 6 154 171 236 295 411 596 720 774 840 879 893
-290 600 480 265 224 -837 -412 919 -516 -495 -827 -219 612 -986 -637 -7 -55 -68 -688 827 -549 653 -453 610 486 196 84 -347 -710 -57
-918 -838 -814 -757 -750 -719 -706 -692 -610 -547 -481 -265 -258 -195 -133 -26 205 214 230 242 264 312 367 376 394 572 680 745 854 945
404 844 549 548 285 -549 471 560 -841 253 268 -658 -396 -75 166 -243 926 146 -159 636 -977 775 862 -697 886 -197 33 -907 450 2
-959 -836 -816 -688 -671 -652 -599 -564 -547 -359 -308 -281 -272 -258 -255 -156 113 117 155 223 244 290 410 476 477 730 822 856 940 948
225 -462 986 -698 -41 3 907 486 -502 247 568 -841 -865 307 -930 -725 793 -200 -683 -914 -546 -749 967 216 235 49 -853 182 968 527
